Accuracy KNN = 1: 0.9438202247191011
Confusion Matrix:
 [[30.  0.  0.]
 [ 3. 30.  2.]
 [ 0.  0. 24.]]
Predicted values: [3, 3, 3, 1, 1, 1, 1, 2, 1, 2, 2, 3, 3, 3, 1, 2, 3, 3, 1, 1, 3, 2, 2, 3, 2, 3, 2, 3, 2, 1, 2, 1, 2, 1, 2, 2, 2, 2, 2, 1, 2, 2, 3, 1, 2, 1, 3, 2, 2, 1, 3, 1, 1, 3, 3, 1, 1, 3, 1, 3, 3, 1, 2, 3, 2, 3, 3, 1, 1, 2, 1, 3, 2, 2, 1, 1, 1, 3, 1, 1, 2, 2, 3, 1, 2, 1, 1, 2, 1]
Accuracy KNN = 3: 0.9550561797752809
Confusion Matrix:
 [[30.  0.  0.]
 [ 1. 31.  3.]
 [ 0.  0. 24.]]
Predicted values: [3, 3, 3, 1, 1, 1, 2, 2, 1, 2, 3, 3, 3, 3, 1, 2, 3, 3, 1, 1, 3, 2, 2, 3, 2, 3, 2, 3, 2, 1, 2, 1, 2, 1, 2, 2, 2, 2, 2, 1, 2, 2, 3, 1, 2, 1, 3, 2, 2, 1, 3, 1, 1, 3, 3, 1, 1, 3, 1, 3, 3, 1, 2, 3, 2, 3, 3, 1, 1, 2, 2, 3, 2, 2, 1, 1, 1, 3, 1, 1, 2, 2, 3, 1, 2, 1, 1, 2, 1]