halswell% python data/part3/perceptron.py data/part3/ionosphere.data

For testing on the data the perceptron was trained on:
Iterations until convergence: 198
Accuracy: 0.8857142857142857
Weights:
 [ 57.        0.        8.30363   2.66221  10.66447   7.97673   0.37107
  12.36111  15.27071   4.61155  -8.46069  -3.8096   -3.43787  -0.17199
  11.86249  -9.53405   2.70213   7.9501  -15.27281   2.18966  -0.50453
 -11.53109  10.82663   8.94307   5.28427   3.6466  -16.03456   0.8899
   4.54515   6.3531    6.89108   2.30255   1.1352  -12.1055 ]

For train/test split data:
Iterations until convergence: 161
Accuracy: 0.8476190476190476
Weights:
 [ 5.600000e+01  0.000000e+00  9.548790e+00 -4.270000e-01  6.355950e+00
 -1.761210e+00  4.655940e+00  1.241193e+01  7.564210e+00  6.297910e+00
 -4.762670e+00  8.344550e+00  3.460230e+00  6.158240e+00  5.105000e-02
 -1.794331e+01 -1.214350e+00  1.006977e+01 -1.252454e+01  8.160400e-01
  1.326059e+01 -2.329778e+01  1.116332e+01 -8.378530e+00  1.283087e+01
  1.682397e+01 -3.029886e+01  1.181260e+00  1.358000e+00  8.817420e+00
  1.663547e+01  9.731200e-01 -3.044800e-01 -8.508990e+00]
  